3 0.287887 0.754009 0.163402 0.266425 0.100406
3 0.562371 0.7791 0.264948 0.297982 0.138648
3 0.679897 0.869891 0.303093 0.211588 0.141295
2 0.187629 0.633989 0.198969 0.216762 0.157368
3 0.584021 0.0522504 0.085567 0.0951888 0.212897
3 0.187371 0.633213 0.198454 0.214175 0.231779
0 0.187629 0.634765 0.194845 0.218314 0.290732
3 0.631701 0.445422 0.146907 0.178996 0.29115
4 0.631443 0.445422 0.146392 0.180031 0.368044
3 0.178093 0.269788 0.169588 0.180548 0.763762
3 0.389948 0.41076 0.179897 0.162442 0.787715
0 0.944588 0.524056 0.107732 0.1821 0.813954
3 0.390464 0.185463 0.235567 0.204346 0.856789
